user;userf;linkweight
999;982;0.8641975308641975
999;749;0.8641975308641975
999;456;0.8641975308641975
999;120;0.8641975308641975
999;98;0.4783950617283952
998;248;0.6203703703703705
998;217;0.5987654320987654
997;161;0.5154320987654321
997;466;0.8765432098765432
997;983;0.8765432098765432
997;472;0.5339506172839508
996;840;0.4814814814814815
996;494;0.4814814814814815
996;211;0.43518518518518523
996;934;0.6018518518518519
996;598;0.39814814814814814
996;483;0.8888888888888888
995;665;0.5339506172839508
995;306;0.5648148148148149
995;683;0.8765432098765432
995;139;0.8765432098765432
994;217;0.5617283950617284
994;869;0.691358024691358
994;745;0.8765432098765432
994;901;0.8765432098765432
994;89;0.5925925925925926
994;994;0.8765432098765432
994;57;0.5246913580246914
993;986;0.4999999999999999
993;767;0.49691358024691346
993;177;0.35185185185185186
993;730;0.8024691358024691
993;696;0.3950617283950618
993;477;0.8703703703703703
993;964;0.4598765432098765
992;484;0.8734567901234568
992;899;0.49382716049382713
992;777;0.5277777777777778
992;939;0.5308641975308641
991;380;0.4691358024691358
991;724;0.8734567901234568
991;332;0.4043209876543209
991;750;0.5401234567901234
991;287;0.4043209876543209
990;597;0.8641975308641975
990;830;0.8641975308641975
990;371;0.7407407407407407
990;545;0.3950617283950618
990;523;0.4814814814814815
989;977;0.8734567901234568
989;708;0.8734567901234568
989;235;0.8734567901234568
989;95;0.5123456790123456
988;850;0.6882716049382716
988;230;0.2993827160493826
988;801;0.42592592592592593
988;751;0.5771604938271605
988;488;0.43827160493827166
988;880;0.5617283950617284
988;422;0.8765432098765432
987;704;0.48456790123456783
987;97;0.5401234567901235
987;427;0.8765432098765432
987;299;0.5617283950617284
986;678;0.5462962962962963
986;993;0.4999999999999999
986;891;0.8148148148148148
986;409;0.5092592592592593
986;447;0.5833333333333333
986;533;0.8703703703703703
986;720;0.41666666666666674
985;845;0.5462962962962963
985;843;0.5771604938271605
985;282;0.5401234567901234
985;929;0.5462962962962963
985;32;0.5462962962962963
985;984;0.8765432098765432
985;705;0.808641975308642
985;493;0.40740740740740744
984;459;0.5833333333333334
984;976;0.5092592592592593
984;230;0.30246913580246926
984;465;0.6234567901234567
984;423;0.6666666666666667
984;867;0.632716049382716
984;192;0.37962962962962965
984;617;0.4907407407407407
984;797;0.7623456790123457
984;798;0.7314814814814815
984;468;0.5679012345679012
984;985;0.8765432098765432
984;391;0.5061728395061729
983;997;0.8765432098765432
983;378;0.5277777777777778
982;999;0.8641975308641975
982;14;0.3734567901234568
982;971;0.4444444444444444
982;289;0.6234567901234567
981;934;0.4722222222222223
981;75;0.41666666666666663
981;497;0.37962962962962965
980;840;0.8888888888888888
980;972;0.34259259259259267
980;820;0.42592592592592604
980;791;0.7037037037037037
980;809;0.4814814814814814
980;980;0.8888888888888888
980;856;0.33333333333333337
980;741;0.42592592592592604
979;159;0.8888888888888888
979;102;0.5185185185185186
978;851;0.8641975308641975
978;10;0.37962962962962954
978;524;0.3580246913580247
978;351;0.43518518518518523
978;970;0.5925925925925926
977;284;0.41666666666666663
977;989;0.8734567901234568
977;852;0.5185185185185184
977;229;0.5123456790123456
976;438;0.382716049382716
976;984;0.5092592592592593
976;617;0.638888888888889
976;353;0.6450617283950617
976;192;0.4537037037037037
976;117;0.46604938271604945
976;605;0.521604938271605
976;187;0.4506172839506174
976;535;0.5061728395061729
976;913;0.5617283950617284
976;883;0.6604938271604939
976;383;0.44753086419753096
976;283;0.4691358024691358
976;132;0.46604938271604945
975;339;0.8888888888888888
975;366;0.5740740740740741
974;205;0.5833333333333334
974;537;0.4629629629629629
974;96;0.4629629629629629
974;74;0.35185185185185197
974;236;0.43518518518518523
974;955;0.40740740740740733
973;677;0.8641975308641975
973;505;0.367283950617284
973;755;0.5925925925925926
973;693;0.36111111111111116
973;489;0.44444444444444453
973;942;0.8641975308641975
973;726;0.41666666666666663
973;970;0.5000000000000001
972;980;0.34259259259259267
972;847;0.6944444444444444
972;537;0.5555555555555555
972;168;0.42592592592592593
972;968;0.5771604938271604
972;906;0.3858024691358025
972;756;0.5648148148148148
972;936;0.34259259259259267
972;786;0.22530864197530864
972;820;0.6018518518518519
972;500;0.4444444444444443
972;484;0.5401234567901234
972;675;0.5092592592592593
971;955;0.611111111111111
971;710;0.6728395061728395
971;319;0.6728395061728395
971;845;0.42592592592592604
971;829;0.37037037037037046
971;982;0.4444444444444444
971;383;0.617283950617284
970;912;0.8888888888888888
970;450;1.0
970;540;0.5092592592592593
970;93;0.32407407407407396
970;753;0.5462962962962963
970;978;0.5925925925925926
970;969;0.8888888888888888
970;908;0.4907407407407408
970;831;0.7314814814814815
970;428;0.8888888888888888
970;578;0.6481481481481481
970;973;0.5000000000000001
970;465;0.5462962962962963
969;446;0.5555555555555556
969;418;0.2592592592592594
969;876;0.31481481481481477
969;848;0.8888888888888888
969;17;0.44444444444444453
969;626;0.537037037037037
969;786;0.32407407407407396
969;444;0.7685185185185185
969;907;0.7407407407407407
969;970;0.8888888888888888
969;844;0.75
969;416;0.6574074074074074
969;473;0.8796296296296297
969;923;0.7685185185185185
968;469;0.5123456790123456
968;263;0.6820987654320987
968;660;0.4135802469135803
968;718;0.3456790123456791
968;848;0.41666666666666663
968;845;0.44444444444444453
968;471;0.43827160493827155
968;958;0.41666666666666663
968;542;0.4104938271604939
968;70;0.5308641975308641
968;511;0.6296296296296295
968;195;0.5648148148148149
968;972;0.5771604938271604
968;220;0.46604938271604945
968;476;0.5771604938271604
968;422;0.43827160493827155
968;847;0.6574074074074074
968;835;0.41666666666666663
967;697;0.4814814814814814
967;589;0.38888888888888884
967;432;0.5462962962962963
967;936;0.8888888888888888
966;962;0.6697530864197531
966;146;0.537037037037037
966;718;0.7592592592592593
966;395;0.5216049382716048
966;654;0.8919753086419753
965;875;0.558641975308642
965;514;0.5802469135802469
965;385;0.4506172839506174
965;961;0.3333333333333335
965;706;0.5246913580246914
965;824;0.4043209876543209
965;895;0.6327160493827161
965;743;0.5432098765432098
965;780;0.5740740740740741
965;20;0.5524691358024691
965;774;0.6327160493827161
965;324;0.6141975308641976
964;902;0.8641975308641975
964;188;0.32407407407407407
964;916;0.2685185185185185
964;993;0.4598765432098765
963;950;0.5277777777777778
963;945;0.4783950617283951
963;823;0.3271604938271605
963;634;0.8364197530864197
963;807;0.5524691358024691
963;836;0.632716049382716
963;651;0.8734567901234568
963;886;0.8549382716049383
962;705;0.654320987654321
962;950;0.7469135802469136
962;966;0.6697530864197531
962;21;0.44753086419753096
962;915;0.8580246913580247
962;586;0.28086419753086433
962;777;0.42901234567901236
961;251;0.2592592592592592
961;941;0.3333333333333335
961;961;0.8888888888888888
961;526;0.37037037037037035
961;965;0.3333333333333335
961;949;0.40740740740740744
961;492;0.33333333333333337
961;818;0.5092592592592593
961;279;0.8888888888888888
961;539;0.35185185185185186
960;523;0.8888888888888888
960;942;0.6481481481481481
959;717;0.4351851851851851
959;510;0.4629629629629629
959;773;0.7777777777777778
959;10;0.4629629629629629
959;842;0.3333333333333335
958;954;0.8888888888888888
958;956;0.8888888888888888
958;968;0.41666666666666663
958;945;0.5833333333333333
958;917;0.2962962962962963
958;559;0.4814814814814815
957;439;0.2993827160493827
957;520;0.5679012345679013
957;329;0.3950617283950618
957;454;0.38888888888888884
957;610;0.4043209876543209
957;340;0.5030864197530864
956;878;0.40740740740740744
956;283;0.38888888888888895
956;958;0.8888888888888888
956;454;0.35185185185185186
956;216;0.41666666666666674
956;11;0.5185185185185184
956;334;0.4907407407407408
956;892;0.4907407407407407
956;524;0.37037037037037046
955;447;0.3487654320987654
955;971;0.6141975308641976
955;33;0.37037037037037035
955;953;0.6882716049382716
955;893;0.8734567901234568
955;318;0.3148148148148149
955;526;0.44753086419753074
955;653;0.4691358024691358
955;974;0.40740740740740733
955;425;0.47530864197530864
955;945;0.4783950617283951
955;377;0.5709876543209877
954;958;0.8888888888888888
954;925;0.42592592592592593
954;458;0.37037037037037046
954;457;0.37962962962962965
954;702;0.8888888888888888
954;454;0.35185185185185186
954;892;0.4907407407407407
953;289;0.4814814814814815
953;642;0.5370370370370371
953;895;0.6450617283950617
953;584;0.7561728395061729
953;203;0.4598765432098765
953;627;0.42901234567901225
953;751;0.5216049382716048
953;832;0.728395061728395
953;399;0.5771604938271605
953;955;0.6882716049382716
953;894;0.6882716049382716
953;453;0.6882716049382716
953;859;0.7623456790123457
952;608;0.314814814814815
952;629;0.38888888888888884
951;131;0.6296296296296298
951;80;0.4444444444444443
951;949;0.8703703703703703
951;635;0.4444444444444443
951;230;0.4537037037037037
951;585;0.4537037037037037
951;942;0.5555555555555556
951;74;0.7592592592592593
951;785;0.7222222222222222
950;963;0.5277777777777778
950;696;0.8580246913580247
950;854;0.4506172839506174
950;962;0.7469135802469136
950;642;0.2314814814814815
950;203;0.654320987654321
950;94;0.5061728395061729
950;919;0.3950617283950617
950;700;0.5030864197530864
950;391;0.7283950617283951
950;687;0.4320987654320988
950;888;0.6728395061728395
950;575;0.37037037037037035
949;824;0.5648148148148147
949;941;0.691358024691358
949;399;0.6975308641975309
949;701;0.691358024691358
949;566;0.7839506172839505
949;197;0.5740740740740741
949;920;0.6419753086419753
949;820;0.8209876543209876
949;951;0.8703703703703703
949;647;0.5987654320987654
949;274;0.34259259259259256
949;961;0.40740740740740744
949;841;0.8209876543209876
949;821;0.6728395061728395
949;658;0.44753086419753096
949;492;0.43518518518518523
949;742;0.6450617283950617
949;649;0.5339506172839505
949;437;0.521604938271605
949;316;0.691358024691358
948;73;0.5925925925925926
948;229;0.6666666666666666
948;687;0.36111111111111116
948;19;0.6111111111111112
948;907;0.5370370370370371
948;568;0.5555555555555556
948;448;0.44444444444444453
948;440;0.5462962962962963
947;833;0.4999999999999999
947;406;0.32407407407407407
947;437;0.4537037037037037
947;874;0.37037037037037035
947;717;0.4351851851851851
947;843;0.4722222222222222
947;371;0.6018518518518519
947;258;0.33333333333333337
947;65;0.5
947;314;0.32407407407407407
947;399;0.3333333333333335
947;574;0.4722222222222223
946;884;0.6574074074074074
946;283;0.712962962962963
946;878;0.4814814814814814
946;446;0.7746913580246914
946;128;0.37037037037037046
946;820;0.6265432098765433
946;472;0.42901234567901225
946;587;0.42592592592592604
945;937;0.2777777777777778
945;906;0.2808641975308641
945;875;0.35802469135802484
945;963;0.4783950617283951
945;6;0.5339506172839508
945;852;0.441358024691358
945;190;0.5524691358024691
945;958;0.5833333333333333
945;637;0.3549382716049383
945;879;0.5709876543209877
945;262;0.5
945;759;0.5185185185185186
945;955;0.4783950617283951
944;377;0.6419753086419753
944;468;0.8734567901234568
943;662;0.5679012345679013
943;385;0.6049382716049383
943;506;0.8734567901234568
943;732;0.8117283950617284
943;906;0.5771604938271604
943;545;0.6851851851851851
943;813;0.41975308641975306
943;163;0.31172839506172834
943;709;0.5
943;898;0.5555555555555556
942;63;0.6203703703703705
942;69;0.42592592592592604
942;641;0.5000000000000001
942;973;0.8641975308641975
942;941;0.617283950617284
942;951;0.5555555555555556
942;816;0.7222222222222221
942;942;0.8641975308641975
942;960;0.6481481481481481
941;949;0.691358024691358
941;875;0.558641975308642
941;575;0.5246913580246914
941;820;0.654320987654321
941;961;0.3333333333333335
941;937;0.5432098765432098
941;941;0.8580246913580247
941;455;0.558641975308642
941;442;0.4320987654320987
941;942;0.617283950617284
941;625;0.521604938271605
941;816;0.7407407407407407
941;441;0.5617283950617284
941;879;0.5246913580246914
941;707;0.6049382716049383
940;629;0.8641975308641975
940;448;0.41975308641975306
940;200;0.728395061728395
940;781;0.5216049382716048
940;817;0.6172839506172839
940;69;0.462962962962963
939;440;0.7067901234567902
939;143;0.787037037037037
939;437;0.7438271604938271
939;425;0.7191358024691359
939;349;0.7654320987654321
939;689;0.41975308641975306
939;709;0.6728395061728396
939;566;0.5030864197530864
939;845;0.5493827160493827
939;644;0.7808641975308642
939;992;0.5339506172839505
939;329;0.558641975308642
939;14;0.20679012345679015
939;250;0.8487654320987654
938;519;0.7623456790123457
938;462;0.6574074074074073
938;815;0.3271604938271605
938;605;0.5432098765432098
938;332;0.5
938;223;0.5277777777777778
938;578;0.5648148148148149
938;284;0.5771604938271605
938;710;0.6820987654320987
938;719;0.7098765432098766
938;313;0.7006172839506173
938;441;0.4876543209876544
938;853;0.46604938271604945
938;736;0.5277777777777778
938;690;0.574074074074074
938;875;0.44444444444444453
938;830;0.558641975308642
938;192;0.7777777777777778
938;469;0.4814814814814814
938;344;0.5740740740740741
937;945;0.2777777777777778
937;477;0.5432098765432098
937;575;0.3919753086419754
937;875;0.40740740740740744
937;625;0.5555555555555556
937;321;0.5246913580246914
937;931;0.5462962962962963
937;751;0.6574074074074074
937;941;0.5432098765432098
937;908;0.42592592592592604
937;347;0.34259259259259267
937;891;0.6574074074074074
937;328;0.537037037037037
937;701;0.5432098765432098
937;189;0.6358024691358024
937;641;0.5555555555555556
937;839;0.8641975308641975
937;422;0.6327160493827161
937;375;0.3641975308641975
937;254;0.5246913580246914
937;133;0.6358024691358024
937;445;0.5432098765432098
937;689;0.5462962962962963
937;674;0.5277777777777778
936;936;0.8888888888888888
936;265;0.37037037037037046
936;528;0.43518518518518523
936;412;0.36111111111111105
936;395;0.4537037037037037
936;967;0.8888888888888888
936;672;0.40740740740740733
936;972;0.34259259259259267
935;322;0.6203703703703705
935;311;0.43827160493827166
935;299;0.558641975308642
935;293;0.6975308641975309
934;918;0.20370370370370372
934;996;0.6018518518518519
934;169;0.4691358024691358
934;309;0.5771604938271605
934;403;0.32407407407407396
934;670;0.5987654320987654
934;981;0.4722222222222223
933;907;0.4444444444444444
933;370;0.43518518518518523
933;528;0.6358024691358024
933;741;0.5308641975308641
932;674;0.8734567901234568
932;683;0.5123456790123457
932;305;0.4907407407407407
932;906;0.6265432098765431
932;506;0.4814814814814814
932;911;0.6141975308641976
932;299;0.6419753086419753
932;799;0.7006172839506173
932;889;0.6080246913580247
932;635;0.462962962962963
932;58;0.6697530864197532
932;180;0.41666666666666663
931;436;0.7314814814814814
931;937;0.5493827160493827
931;493;0.6141975308641976
930;699;0.36111111111111105
930;306;0.8888888888888888
930;883;0.4907407407407408
930;541;0.4629629629629629
930;299;0.5648148148148148
930;502;0.33333333333333326
930;262;0.44444444444444453
930;905;0.4907407407407408
929;338;0.5061728395061729
929;378;0.4320987654320988
929;777;0.45679012345679015
929;287;0.5092592592592593
929;985;0.5462962962962963
929;765;0.8641975308641975
929;757;0.5462962962962963
929;425;0.4166666666666665
928;361;0.6604938271604939
928;537;0.39814814814814814
928;551;0.6759259259259259
928;799;0.6111111111111112
928;422;0.5401234567901234
928;926;0.4907407407407408
927;162;0.7592592592592593
927;754;0.4320987654320988
927;723;0.37962962962962965
927;48;0.3734567901234568
927;276;0.3919753086419754
927;157;0.3950617283950617
927;923;0.6203703703703705
927;716;0.48456790123456794
927;172;0.7839506172839505
927;927;0.8580246913580247
926;802;0.6388888888888888
926;905;0.3580246913580247
926;836;0.31172839506172834
926;798;0.3055555555555556
926;521;0.7623456790123457
926;403;0.8641975308641975
926;428;0.39814814814814814
926;928;0.4876543209876544
925;913;0.7160493827160495
925;954;0.42592592592592593
925;628;0.8179012345679012
925;659;0.8734567901234568
925;845;0.38888888888888895
925;437;0.5524691358024691
924;891;0.6512345679012346
924;359;0.5555555555555556
924;533;0.6512345679012346
924;798;0.35185185185185175
924;652;0.441358024691358
924;781;0.3271604938271604
924;80;0.3919753086419753
924;869;0.7746913580246914
924;167;0.5864197530864197
924;672;0.7623456790123457
924;651;0.6141975308641975
923;431;0.44753086419753096
923;485;0.8209876543209876
923;376;0.7469135802469136
923;419;0.845679012345679
923;927;0.6203703703703705
923;673;0.5401234567901235
923;834;0.8765432098765432
923;894;0.558641975308642
923;427;0.6172839506172839
923;969;0.7685185185185185
922;906;0.7623456790123457
922;673;0.8765432098765432
922;509;0.5895061728395061
922;484;0.5308641975308641
922;891;0.4598765432098766
922;793;0.5030864197530864
922;301;0.48456790123456783
922;908;0.5802469135802468
922;805;0.3549382716049383
921;765;0.537037037037037
921;788;0.8641975308641975
921;758;0.48456790123456794
921;147;0.2407407407407408
920;640;0.617283950617284
920;639;0.5030864197530864
920;949;0.6419753086419753
920;890;0.5555555555555556
920;249;0.7314814814814815
920;99;0.48456790123456783
920;777;0.7314814814814815
920;881;0.3240740740740742
920;632;0.75
920;434;0.6234567901234568
919;763;0.2623456790123455
919;918;0.25308641975308643
919;910;0.8641975308641975
919;157;0.8641975308641975
919;950;0.3950617283950617
919;415;0.41666666666666663
919;306;0.31481481481481477
919;665;0.4320987654320988
918;934;0.20370370370370372
918;919;0.25308641975308643
918;292;0.4506172839506173
918;758;0.3919753086419753
918;789;0.47530864197530864
918;887;0.5617283950617284
917;388;0.8395061728395062
917;135;0.617283950617284
917;10;0.5987654320987654
917;164;0.5679012345679012
917;958;0.2962962962962963
917;853;0.6512345679012346
917;776;0.8580246913580247
917;639;0.7283950617283951
917;826;0.4228395061728396
916;769;0.4783950617283951
916;629;0.654320987654321
916;431;0.521604938271605
916;826;0.4907407407407408
916;387;0.6697530864197531
916;964;0.26543209876543206
916;278;0.654320987654321
916;49;0.3055555555555556
916;627;0.3487654320987654
916;139;0.41666666666666663
916;283;0.4320987654320988
916;197;0.5061728395061729
915;169;0.5061728395061729
915;468;0.7839506172839505
915;962;0.8580246913580247
915;164;0.3765432098765432
914;564;0.4228395061728396
914;289;0.8641975308641975
914;875;0.4537037037037037
914;543;0.5648148148148149
914;540;0.6049382716049382
914;781;0.6728395061728395
914;824;0.4783950617283951
914;906;0.49382716049382713
914;742;0.6080246913580247
914;910;0.25617283950617287
914;548;0.5061728395061729
913;925;0.712962962962963
913;632;0.3765432098765432
913;194;0.75
913;976;0.5648148148148149
913;598;0.5740740740740741
913;770;0.2716049382716049
913;380;0.7098765432098766
912;970;0.8888888888888888
912;791;0.574074074074074
912;256;0.7685185185185185
912;724;0.8333333333333334
912;670;0.5648148148148149
912;175;0.5462962962962963
912;392;0.6574074074074074
912;193;0.7685185185185185
912;577;0.44444444444444453
912;694;0.42592592592592593
912;799;0.8703703703703703
912;787;0.8055555555555556
912;37;0.39814814814814814
912;281;0.8796296296296297
911;82;0.4783950617283951
911;172;0.8734567901234568
911;39;0.6234567901234568
911;254;0.36111111111111116
911;763;0.49382716049382713
911;692;0.5185185185185186
911;660;0.5617283950617284
911;932;0.6141975308641976
911;356;0.36111111111111116
911;31;0.7253086419753088
911;295;0.47530864197530864
910;598;0.37962962962962965
910;908;0.611111111111111
910;31;0.41666666666666663
910;793;0.558641975308642
910;787;0.32098765432098764
910;865;0.38888888888888895
910;919;0.8641975308641975
910;880;0.24382716049382724
910;906;0.4135802469135803
910;111;0.44753086419753085
910;877;0.38888888888888895
910;603;0.2901234567901234
910;426;0.3179012345679012
910;676;0.308641975308642
910;635;0.36111111111111116
910;889;0.6172839506172839
910;156;0.40740740740740744
910;851;0.2716049382716049
910;230;0.40740740740740744
910;914;0.2592592592592593
910;281;0.3179012345679012
909;237;0.6604938271604939
909;18;0.6018518518518519
909;657;0.42592592592592604
909;258;0.5925925925925926
908;887;0.3364197530864197
908;910;0.611111111111111
908;158;0.6944444444444444
908;683;0.4876543209876544
908;367;0.41975308641975306
908;937;0.42592592592592604
908;907;0.6018518518518519
908;889;0.8734567901234568
908;405;0.8734567901234568
908;883;0.595679012345679
908;784;0.42901234567901225
908;656;0.5771604938271604
908;676;0.4691358024691358
908;95;0.654320987654321
908;970;0.4907407407407408
908;922;0.5802469135802468
908;877;0.4907407407407408
908;408;0.5648148148148149
908;595;0.4691358024691359
908;183;0.6358024691358024
908;315;0.6851851851851851
908;421;0.6512345679012346
908;406;0.7067901234567902
908;882;0.48456790123456783
907;876;0.35185185185185186
907;660;0.6388888888888888
907;657;0.44444444444444453
907;296;0.6481481481481481
907;658;0.6388888888888888
907;908;0.6018518518518519
907;394;0.39814814814814814
907;933;0.4444444444444444
907;948;0.5370370370370371
907;969;0.7407407407407407
907;538;0.6203703703703703
907;753;0.4722222222222222
907;282;0.9537037037037037
907;661;0.6018518518518519
907;883;0.6574074074074074
907;9;0.6851851851851851
907;425;0.7962962962962963
907;692;0.5185185185185184
907;164;0.4907407407407408
907;157;0.38888888888888884
906;384;0.42901234567901225
906;883;0.8580246913580247
906;156;0.8179012345679012
906;169;0.6574074074074074
906;758;0.5401234567901235
906;575;0.3919753086419753
906;945;0.2808641975308641
906;922;0.7623456790123457
906;309;0.7808641975308642
906;806;0.5030864197530864
906;410;0.6265432098765432
906;886;0.49382716049382713
906;35;0.7901234567901234
906;661;0.4320987654320988
906;910;0.4135802469135803
906;841;0.46604938271604945
906;553;0.5308641975308641
906;932;0.6234567901234567
906;943;0.5740740740740741
906;914;0.4969135802469137
906;877;0.4722222222222223
906;277;0.3919753086419754
906;426;0.7808641975308642
906;399;0.3734567901234569
906;972;0.3827160493827161
906;158;0.6759259259259259
906;899;0.5030864197530864
906;673;0.7623456790123457
906;42;0.6327160493827161
906;281;0.7808641975308642
906;656;0.8765432098765432
906;21;0.48456790123456794
906;125;0.8641975308641975
906;639;0.3734567901234569
905;926;0.36111111111111116
905;809;0.5864197530864197
905;705;0.6759259259259258
905;514;0.3734567901234568
905;771;0.6975308641975309
905;717;0.7283950617283951
905;326;0.4907407407407408
905;901;0.5462962962962963
905;930;0.4907407407407408
905;905;0.8641975308641975
905;595;0.6481481481481481
904;903;0.6049382716049382
904;382;0.8641975308641975
904;650;0.6358024691358024
904;648;0.6790123456790124
904;315;0.5308641975308641
904;185;0.521604938271605
904;779;0.28395061728395055
903;278;0.8641975308641975
903;904;0.6049382716049382
903;397;0.4722222222222223
903;653;0.9691358024691358
903;30;0.787037037037037
903;582;0.6666666666666667
902;790;0.26543209876543206
902;454;0.26543209876543206
902;772;0.4135802469135803
902;964;0.8641975308641975
902;583;0.33333333333333337
902;812;0.4012345679012346
902;18;0.37962962962962954
902;839;0.5493827160493827
902;766;0.5123456790123456
902;251;0.32098765432098764
902;259;0.4444444444444444
901;760;0.31481481481481477
901;406;0.5030864197530864
901;994;0.8765432098765432
901;705;0.6790123456790123
901;905;0.5462962962962963
900;644;0.8395061728395061
900;900;0.8580246913580247
900;751;0.4907407407407408
900;843;0.4907407407407408
900;766;0.30246913580246915
900;892;0.5802469135802469
900;779;0.30246913580246915
900;278;0.3765432098765432
899;992;0.49382716049382713
899;641;0.8765432098765432
899;142;0.8765432098765432
899;650;0.5123456790123457
899;391;0.49691358024691357
899;306;0.6296296296296297
899;730;0.521604938271605
899;906;0.5030864197530864
899;420;0.5401234567901235
899;636;0.5432098765432098
899;891;0.5709876543209876
899;625;0.8765432098765432
899;645;0.5524691358024691
899;644;0.5061728395061729
898;653;0.38888888888888884
898;895;0.36111111111111116
898;156;0.4722222222222223
898;500;0.4629629629629629
898;943;0.5555555555555556
897;130;0.4506172839506173
897;581;0.5771604938271605
897;584;0.38888888888888884
897;863;0.3919753086419754
897;813;0.38888888888888884
897;643;0.7654320987654321
897;722;0.8641975308641975
897;757;0.5555555555555556
897;648;0.6419753086419753
897;416;0.6512345679012346
896;763;0.5493827160493827
896;835;0.42592592592592604
896;778;0.5925925925925926
896;828;0.5092592592592593
896;686;0.5802469135802469
896;255;0.3919753086419754
896;583;0.611111111111111
896;251;0.3395061728395061
896;630;0.6358024691358024
896;192;0.6296296296296295
895;875;0.5802469135802468
895;953;0.6450617283950617
895;462;0.5833333333333334
895;254;0.6882716049382716
895;530;0.552469135802469
895;403;0.4722222222222222
895;772;0.6882716049382716
895;898;0.36111111111111116
895;393;0.2901234567901235
895;297;0.4444444444444443
895;645;0.5617283950617283
895;760;0.6296296296296295
895;703;0.7808641975308642
895;965;0.6327160493827161
894;519;0.7901234567901234
894;893;0.8179012345679012
894;384;0.6512345679012346
894;766;0.45679012345679004
894;953;0.6882716049382716
894;321;0.5925925925925926
894;287;0.5709876543209875
894;923;0.5555555555555556
894;394;0.5709876543209875
893;4;0.41975308641975306
893;278;0.5864197530864197
893;659;0.6882716049382716
893;30;0.5555555555555556
893;80;0.44753086419753085
893;393;0.33333333333333337
893;894;0.8179012345679012
893;785;0.38888888888888884
893;564;0.6882716049382716
893;379;0.6481481481481481
893;955;0.8734567901234568
893;643;0.4876543209876544
893;674;0.462962962962963
893;518;0.49691358024691346
893;557;0.2962962962962963
893;334;0.4814814814814814
893;711;0.595679012345679
892;271;0.4537037037037037
892;833;0.6327160493827161
892;794;0.3950617283950618
892;252;0.7314814814814815
892;400;0.5092592592592593
892;523;0.37962962962962954
892;644;0.617283950617284
892;900;0.5802469135802469
892;757;0.6728395061728395
892;956;0.4907407407407407
892;625;0.5617283950617284
892;954;0.4907407407407407
892;396;0.5802469135802469
891;395;0.3672839506172839
891;879;0.7438271604938271
891;924;0.6512345679012346
891;986;0.8148148148148148
891;643;0.654320987654321
891;578;0.632716049382716
891;501;0.6481481481481481
891;937;0.6604938271604939
891;431;0.4135802469135803
891;922;0.4598765432098766
891;628;0.6882716049382716
891;579;0.7067901234567902
891;766;0.345679012345679
891;672;0.7067901234567902
891;883;0.5030864197530864
891;760;0.6975308641975309
891;899;0.5709876543209876
891;392;0.3858024691358025
890;406;0.3055555555555557
890;920;0.5555555555555556
890;558;0.8888888888888888
890;384;0.6111111111111112
889;135;0.595679012345679
889;405;0.8765432098765432
889;640;0.6141975308641976
889;908;0.8734567901234568
889;857;0.3950617283950618
889;647;0.6265432098765431
889;932;0.6049382716049383
889;910;0.6172839506172839
888;271;0.5401234567901234
888;512;0.4506172839506173
888;884;0.2716049382716049
888;442;0.4351851851851851
888;528;0.22222222222222232
888;776;0.3765432098765432
888;634;0.41666666666666663
888;544;0.3919753086419753
888;950;0.6728395061728395
888;423;0.8641975308641975
887;746;0.4506172839506173
887;778;0.6327160493827161
887;908;0.3364197530864197
887;758;0.5246913580246914
887;211;0.6512345679012346
887;774;0.5493827160493827
887;145;0.5246913580246914
887;668;0.6882716049382716
887;262;0.5246913580246914
887;641;0.42901234567901225
887;520;0.5617283950617284
887;883;0.3919753086419753
887;408;0.5061728395061729
887;817;0.5987654320987654
887;781;0.5524691358024691
887;82;0.3765432098765431
887;918;0.5617283950617284
886;375;0.5185185185185186
886;510;0.8580246913580247
886;906;0.5
886;712;0.7222222222222223
886;761;0.34259259259259267
886;753;0.7438271604938271
886;963;0.8580246913580247
886;425;0.37962962962962965
885;250;0.691358024691358
885;439;0.8117283950617284
885;336;0.9228395061728395
885;837;0.8981481481481481
885;447;0.6512345679012346
885;569;0.5679012345679012
885;759;0.3148148148148149
885;752;0.404320987654321
885;539;0.4506172839506174
885;619;0.41975308641975306
885;535;0.574074074074074
884;525;0.5987654320987654
884;806;0.6141975308641976
884;946;0.6604938271604939
884;638;0.7469135802469136
884;789;0.5679012345679012
884;187;0.5493827160493827
884;820;0.7654320987654321
884;508;0.6574074074074074
884;888;0.2716049382716049
884;781;0.6419753086419753
884;281;0.3179012345679012
884;636;0.6604938271604939
884;529;0.5
884;664;0.8641975308641975
884;650;0.4876543209876544
884;9;0.5864197530864197
884;446;0.7469135802469136
883;906;0.8580246913580247
883;141;0.5401234567901234
883;31;0.7901234567901234
883;930;0.4907407407407408
883;633;0.5030864197530864
883;290;0.3919753086419754
883;887;0.3919753086419753
883;908;0.595679012345679
883;649;0.521604938271605
883;867;0.8580246913580247
883;264;0.46604938271604945
883;463;0.8765432098765432
883;637;0.48456790123456794
883;875;0.6697530864197531
883;392;0.7067901234567902
883;891;0.5
883;316;0.3919753086419753
883;907;0.6574074074074074
883;832;0.4104938271604939
883;976;0.6635802469135803
883;257;0.5895061728395061
883;683;0.5401234567901234
883;783;0.7962962962962963
883;399;0.3919753086419754
882;757;0.48456790123456783
882;382;0.691358024691358
882;254;0.3364197530864198
882;412;0.7438271604938271
882;2;0.3086419753086419
882;673;0.7067901234567902
882;17;0.5030864197530864
882;38;0.29320987654320996
882;377;0.7438271604938271
882;784;0.617283950617284
882;908;0.48456790123456783
882;469;0.558641975308642
882;824;0.3765432098765432
881;791;0.7037037037037037
881;254;0.3148148148148149
881;501;0.537037037037037
881;920;0.3240740740740742
881;35;0.3240740740740742
881;7;0.38888888888888884
881;881;0.8888888888888888
881;877;0.8888888888888888
880;751;0.6018518518518519
880;194;0.6018518518518519
880;694;0.8641975308641975
880;67;0.7932098765432098
880;910;0.24382716049382724
880;152;0.4104938271604939
880;282;0.3179012345679012
880;157;0.24382716049382724
880;5;0.7160493827160495
880;70;0.5679012345679012
880;632;0.6358024691358024
880;509;0.44753086419753096
880;781;0.5864197530864197
880;988;0.558641975308642
880;132;0.441358024691358
879;875;0.5895061728395061
879;754;0.6604938271604939
879;891;0.7438271604938271
879;506;0.7067901234567902
879;770;0.41975308641975306
879;188;0.3302469135802468
879;207;0.7006172839506173
879;750;0.7438271604938271
879;275;0.3641975308641975
879;410;0.49382716049382713
879;602;0.6512345679012346
879;760;0.5679012345679013
879;505;0.5802469135802469
879;250;0.43827160493827166
879;945;0.5709876543209877
879;441;0.691358024691358
879;443;0.49382716049382713
879;125;0.4444444444444444
879;941;0.5246913580246914
879;766;0.43827160493827166
878;956;0.40740740740740744
878;782;0.5925925925925926
878;378;0.6049382716049383
878;946;0.48456790123456783
878;648;0.6419753086419753
878;276;0.7037037037037037
878;429;0.4444444444444444
878;10;0.7623456790123457
878;657;0.808641975308642
878;753;0.6481481481481481
878;502;0.8179012345679012
878;661;0.595679012345679
878;627;0.5771604938271605
878;656;0.595679012345679
878;697;0.7993827160493827
877;689;0.37962962962962954
877;814;0.37962962962962965
877;799;0.31481481481481477
877;657;0.38888888888888895
877;453;0.40740740740740733
877;137;0.37037037037037046
877;906;0.4722222222222223
877;910;0.38888888888888895
877;791;0.7037037037037037
877;438;0.32407407407407407
877;877;0.8888888888888888
877;381;0.4814814814814815
877;908;0.4907407407407408
877;390;0.2962962962962963
877;643;0.5092592592592593
877;503;0.4629629629629629
877;881;0.8888888888888888
876;969;0.31481481481481477
876;453;0.6419753086419753
876;907;0.35185185185185186
876;67;0.5246913580246914
876;501;0.6481481481481481
876;376;0.35185185185185186
876;821;0.8858024691358025
876;689;0.5370370370370371
876;676;0.7067901234567902
876;506;0.45679012345679004
876;789;0.462962962962963
876;876;0.8765432098765432
876;532;0.5493827160493827
876;387;0.5432098765432098
876;398;0.3672839506172839
876;134;0.7098765432098766
876;259;0.4969135802469137
876;235;0.6450617283950617
876;378;0.5648148148148149
876;160;0.654320987654321
876;136;0.5679012345679012
876;258;0.5833333333333333
876;437;0.3919753086419753
875;965;0.558641975308642
875;532;0.4320987654320988
875;766;0.42592592592592604
875;879;0.5895061728395061
875;895;0.5802469135802468
875;941;0.558641975308642
875;937;0.40740740740740744
875;268;0.49382716049382713
875;945;0.35802469135802484
875;455;0.8765432098765432
875;173;0.6882716049382716
875;914;0.4537037037037037
875;782;0.7685185185185185
875;844;0.8395061728395061
875;377;0.8765432098765432
875;375;0.6296296296296295
875;883;0.6697530864197531
875;501;0.36111111111111116
875;250;0.9475308641975309
875;641;0.3950617283950618
875;938;0.44444444444444453
875;736;0.6265432098765433
875;814;0.7438271604938271
875;764;0.558641975308642
875;689;0.5462962962962963
874;947;0.37037037037037035
874;810;0.8703703703703703
874;228;0.5277777777777777
874;571;0.8703703703703703
874;268;0.5339506172839508
873;773;0.7777777777777778
873;748;0.5555555555555556
873;204;0.4537037037037037
872;321;0.7654320987654322
872;25;0.8641975308641975
872;593;0.36111111111111116
872;255;0.7067901234567902
871;867;0.5339506172839505
871;559;0.5339506172839505
871;556;0.5925925925925926
871;311;0.5030864197530864
871;597;0.8148148148148149
871;553;0.8734567901234568
870;308;0.8765432098765432
870;269;0.3395061728395061
870;120;0.287037037037037
870;620;0.3549382716049383
870;252;0.3858024691358025
869;994;0.691358024691358
869;409;0.5771604938271605
869;87;0.558641975308642
869;369;0.8611111111111112
869;853;0.558641975308642
869;924;0.7746913580246914
868;594;0.8240740740740741
868;13;0.4444444444444444
868;858;0.8641975308641975
868;719;0.6172839506172839
868;532;0.3580246913580247
868;312;0.2592592592592594
868;665;0.7777777777777778
867;871;0.5308641975308641
867;472;0.4783950617283951
867;984;0.632716049382716
867;766;0.28395061728395066
867;883;0.8580246913580247
867;328;0.4783950617283951
867;821;0.49382716049382713
867;289;0.4969135802469137
867;617;0.7314814814814814
867;31;0.808641975308642
867;797;0.7469135802469136
866;859;0.4814814814814814
866;596;0.4629629629629629
866;34;0.4629629629629629
866;257;0.4722222222222221
866;348;0.3333333333333335
866;581;0.40740740740740733
866;548;0.44444444444444453
865;910;0.38888888888888895
865;840;0.8888888888888888
864;363;0.7530864197530864
864;400;0.2808641975308641
864;747;0.7530864197530864
864;700;0.3549382716049383
863;809;0.7654320987654321
863;897;0.3950617283950618
863;297;0.2592592592592591
863;312;0.8765432098765432
862;861;0.8888888888888888
862;618;0.39814814814814825
862;819;0.38888888888888884
862;49;0.5
862;109;0.37037037037037046
862;829;0.5370370370370371
862;331;0.39814814814814836
862;723;0.5
861;699;0.4351851851851851
861;862;0.8888888888888888
861;611;0.4629629629629629
861;775;0.35185185185185186
861;828;0.42592592592592593
861;361;0.6018518518518519
861;848;0.38888888888888884
861;859;0.4814814814814814
861;252;0.43518518518518523
861;517;0.37037037037037046
861;625;0.5462962962962963
860;554;0.36111111111111116
860;759;0.2777777777777778
860;781;0.44444444444444453
860;613;0.4444444444444444
860;699;0.4351851851851851
860;255;0.32407407407407407
860;792;0.537037037037037
859;828;0.7067901234567902
859;866;0.4814814814814814
859;851;0.5308641975308641
859;845;0.38888888888888895
859;82;0.7530864197530864
859;785;0.42592592592592593
859;595;0.7006172839506173
859;861;0.4814814814814814
859;810;0.5555555555555555
859;850;0.6450617283950617
859;768;0.3271604938271605
859;672;0.6882716049382716
859;953;0.7623456790123457
858;107;0.4814814814814815
858;264;0.5987654320987654
858;868;0.8641975308641975
858;591;0.23456790123456783
858;296;0.8641975308641975
858;546;0.4135802469135803
857;283;0.8641975308641975
857;295;0.8641975308641975
857;853;0.3734567901234569
857;889;0.3950617283950618
857;733;0.8641975308641975
857;793;0.44753086419753096
857;318;0.37962962962962965
857;857;0.8641975308641975
856;258;0.8641975308641975
856;763;0.808641975308642
856;363;0.4722222222222222
856;579;0.5833333333333333
856;309;0.5401234567901235
856;821;0.5740740740740742
856;852;0.41666666666666663
856;980;0.33333333333333337
855;844;0.6327160493827161
855;87;0.3364197530864198
855;117;0.558641975308642
855;726;0.3734567901234569
855;831;0.8641975308641975
855;566;0.308641975308642
855;43;0.46604938271604945
855;347;0.8641975308641975
855;837;0.47530864197530864
855;575;0.462962962962963
855;653;0.3179012345679013
855;363;0.3950617283950617
855;410;0.42592592592592593
855;511;0.367283950617284
855;603;0.33950617283950624
854;950;0.4506172839506174
854;556;0.4228395061728395
854;719;0.7037037037037037
854;327;0.6728395061728396
853;845;0.6790123456790124
853;541;0.44753086419753085
853;43;0.5123456790123456
853;602;0.558641975308642
853;357;0.4506172839506174
853;857;0.3765432098765432
853;853;0.8765432098765432
853;791;0.6574074074074074
853;320;0.4537037037037037
853;938;0.4691358024691358
853;917;0.6512345679012346
853;474;0.5401234567901234
853;416;0.6728395061728396
853;869;0.558641975308642
853;789;0.4135802469135803
853;787;0.4907407407407408
852;539;0.3580246913580247
852;977;0.5185185185185184
852;511;0.558641975308642
852;370;0.6512345679012346
852;792;0.8734567901234568
852;310;0.5740740740740742
852;945;0.441358024691358
852;601;0.8734567901234568
852;856;0.41975308641975306
852;759;0.3641975308641975
852;537;0.7253086419753088
851;62;0.521604938271605
851;97;0.5246913580246914
851;978;0.8641975308641975
851;859;0.5277777777777778
851;359;0.5370370370370371
851;750;0.37962962962962954
851;32;0.17592592592592604
851;110;0.49382716049382713
851;805;0.7469135802469136
851;851;0.8641975308641975
851;74;0.5493827160493827
851;406;0.48456790123456783
851;524;0.3580246913580247
851;789;0.5679012345679013
851;509;0.5030864197530864
851;910;0.2716049382716049
851;133;0.3580246913580247
851;312;0.24382716049382713
851;3;0.4814814814814815
850;988;0.6882716049382716
850;825;0.44753086419753074
850;284;0.5895061728395061
850;226;0.7067901234567902
850;320;0.7685185185185185
850;784;0.3364197530864197
850;323;0.7561728395061729
850;845;0.37962962962962954
850;859;0.6450617283950617
850;527;0.5555555555555556
850;358;0.8179012345679012
849;814;0.5401234567901235
849;849;0.8641975308641975
849;359;0.36111111111111116
849;95;0.2592592592592592
849;283;0.5679012345679013
849;357;0.808641975308642
849;264;0.8148148148148148
849;608;0.7530864197530864
849;590;0.6635802469135803
849;224;0.4444444444444444
849;756;0.462962962962963
849;59;0.4907407407407408
849;845;0.5277777777777778
848;699;0.5277777777777778
848;434;0.5092592592592593
